0
14.885333333333334
29.716
39.51733333333333
42.108
43.367999999999995
51.26266666666666
57.49066666666666
57.65733333333333
57.81066666666666
62.28933333333333
66.24533333333333
66.87466666666667
66.964
70.97466666666666
74.36
74.48666666666666
74.57733333333333
74.684
74.69733333333333
74.69866666666667
77.65066666666667
79.828
79.86
79.86666666666666
81.52933333333333
81.53066666666666
82.83999999999999
82.87599999999999
84.19733333333332
84.29333333333332
84.29866666666666
85.56933333333333
86.60933333333334
87.69466666666668
88.92800000000001
89.75866666666668
90.48533333333336
90.48800000000003
91.2826666666667
91.28400000000003
91.88266666666671
91.88933333333337
92.2266666666667
92.22800000000004
92.22800000000004
92.69733333333338
92.69866666666671
92.69866666666671
92.69866666666671
93.35466666666672
93.86133333333338
93.86133333333338
93.86400000000005
93.86533333333338
94.18800000000005
94.19066666666671
94.47333333333339
94.82133333333338
95.08666666666672
95.08800000000005
95.08800000000005
95.23733333333338
95.41466666666672
95.43733333333338
95.90533333333339
96.07600000000005
96.07733333333339
96.39866666666671
96.52133333333337
96.52800000000003
96.66000000000004
96.66000000000004
96.8106666666667
96.8106666666667
96.8106666666667
97.00533333333337
97.00533333333337
97.00533333333337
97.1706666666667
97.17333333333337
97.22800000000004
97.26533333333337
97.34000000000005
97.34800000000004
97.34800000000004
97.39866666666671
97.39866666666671
97.40133333333338
97.40133333333338
97.56800000000005
97.63733333333339
97.75066666666672
97.75066666666672
97.75066666666672
97.75200000000005
97.80133333333339
97.80133333333339
97.80133333333339
97.80133333333339
97.80133333333339
