1->_r
2->_r_1
3->_r_1_7_8
4->_r_1_7_8_10_11
5->_r_1_7_8_10_12
6->_r_1_7_8_10_13
7->_r_1_7_9
8->_r_1_7_9_15_16
9->_r_1_7_9_15_17
10->_r_1_7_9_15_17_18_19
11->_r_1_7_9_15_17_18_20
12->_r_2
13->_r_2_21_22
14->_r_2_21_22_27_28
15->_r_2_21_22_27_29
16->_r_2_21_22_27_30
17->_r_2_21_22_27_31
18->_r_2_21_22_27_32
19->_r_2_21_22_27_33
20->_r_2_21_22_27_34
21->_r_2_21_22_27_35
22->_r_2_21_23
23->_r_2_21_23_36_37
24->_r_2_21_23_36_38
25->_r_2_21_23_36_39
26->_r_2_21_23_36_40
27->_r_2_21_23_36_41
28->_r_2_21_23_36_42
29->_r_2_21_23_36_43
30->_r_2_21_23_36_44
31->_r_2_21_24
32->_r_2_21_24_45_46
33->_r_2_21_24_45_47
34->_r_2_21_25
35->_r_2_21_25_48_49
36->_r_2_21_25_48_50
37->_r_2_21_25_48_51
38->_r_2_21_25_48_52
39->_r_2_21_25_48_53
40->_r_2_21_25_48_54
41->_r_2_21_25_48_55
42->_r_2_21_25_48_56
43->_r_2_21_25_48_57
44->_r_2_21_26
45->_r_2_21_26_58_59
46->_r_2_21_26_58_60
47->_r_2_21_26_58_61
48->_r_2_21_26_58_62
49->_r_2_21_26_58_63
50->_r_2_21_26_58_64
51->_r_3
52->_r_3_78_79
53->_r_3_78_80
54->_r_3_78_80_81
55->_r_3_78_80_81_82_83
56->_r_3_78_80_81_82_83_85_86
57->_r_3_78_80_81_82_83_85_87
58->_r_3_78_80_81_82_83_85_88
59->_r_3_78_80_81_82_84
60->_r_3_78_80_81_82_84_89_90
61->_r_3_78_80_81_82_84_89_91
62->_r_3_78_80_81_82_84_89_92
63->_r_4
64->_r_4_65_66
65->_r_4_65_66_70_71
66->_r_4_65_66_70_72
67->_r_4_65_66_70_73
68->_r_4_65_67
69->_r_4_65_68
70->_r_4_65_68_74_75
71->_r_4_65_68_74_76
72->_r_4_65_68_74_77
73->_r_4_65_69
74->_r_5
75->_r_5_93_94
76->_r_5_93_95
77->_r_6
78->_r_6_96_97
79->_r_6_96_98
1;2;3;-4;5;-6;-7;-8;-9;-10;-11;12;-13;-14;-15;-16;-17;-18;-19;-20;-21;-22;-23;-24;-25;-26;-27;-28;-29;-30;-31;-32;-33;-34;-35;-36;-37;-38;-39;-40;-41;-42;-43;44;-45;-46;-47;-48;-49;50;51;-52;53;54;55;56;-57;-58;-59;-60;-61;-62;63;64;-65;-66;67;-68;-69;-70;-71;-72;-73;74;75;-76;77;78;-79;
1;2;-3;-4;-5;-6;7;-8;9;-10;11;12;-13;-14;-15;-16;-17;-18;-19;-20;-21;-22;-23;-24;-25;-26;-27;-28;-29;-30;-31;-32;-33;34;-35;-36;37;-38;-39;-40;-41;-42;-43;-44;-45;-46;-47;-48;-49;-50;51;52;-53;-54;-55;-56;-57;-58;-59;-60;-61;-62;63;-64;-65;-66;-67;-68;69;70;-71;-72;-73;74;-75;76;-77;-78;-79;
1;2;-3;-4;-5;-6;7;-8;9;10;-11;12;-13;-14;-15;-16;-17;-18;-19;-20;-21;-22;-23;-24;-25;-26;-27;-28;-29;-30;-31;-32;-33;-34;-35;-36;-37;-38;-39;-40;-41;-42;-43;44;45;-46;-47;-48;-49;-50;51;-52;53;54;55;-56;-57;58;-59;-60;-61;-62;63;-64;-65;-66;-67;-68;69;-70;71;-72;-73;74;-75;76;77;-78;79;
1;2;3;-4;-5;6;-7;-8;-9;-10;-11;12;-13;-14;-15;-16;-17;-18;-19;-20;-21;22;-23;-24;-25;-26;27;-28;-29;-30;-31;-32;-33;-34;-35;-36;-37;-38;-39;-40;-41;-42;-43;-44;-45;-46;-47;-48;-49;-50;51;52;-53;-54;-55;-56;-57;-58;-59;-60;-61;-62;63;64;-65;-66;67;-68;-69;-70;-71;-72;-73;74;75;-76;77;78;-79;
1;2;3;-4;5;-6;-7;-8;-9;-10;-11;12;-13;-14;-15;-16;-17;-18;-19;-20;-21;-22;-23;-24;-25;-26;-27;-28;-29;-30;-31;-32;-33;-34;-35;-36;-37;-38;-39;-40;-41;-42;-43;44;-45;-46;-47;-48;49;-50;51;-52;53;54;-55;-56;-57;-58;59;-60;61;-62;63;-64;-65;-66;-67;-68;69;-70;71;-72;-73;74;75;-76;77;78;-79;
1;2;-3;-4;-5;-6;7;-8;9;10;-11;12;13;-14;-15;-16;-17;18;-19;-20;-21;-22;-23;-24;-25;-26;-27;-28;-29;-30;-31;-32;-33;-34;-35;-36;-37;-38;-39;-40;-41;-42;-43;-44;-45;-46;-47;-48;-49;-50;51;52;-53;-54;-55;-56;-57;-58;-59;-60;-61;-62;63;64;65;-66;-67;-68;-69;-70;-71;-72;-73;74;-75;76;-77;-78;-79;
1;2;-3;-4;-5;-6;7;-8;9;-10;11;12;-13;-14;-15;-16;-17;-18;-19;-20;-21;22;-23;-24;25;-26;-27;-28;-29;-30;-31;-32;-33;-34;-35;-36;-37;-38;-39;-40;-41;-42;-43;-44;-45;-46;-47;-48;-49;-50;51;-52;53;54;-55;-56;-57;-58;59;60;-61;-62;63;64;65;-66;-67;-68;-69;-70;-71;-72;-73;74;75;-76;77;78;-79;
1;2;3;4;-5;-6;-7;-8;-9;-10;-11;12;-13;-14;-15;-16;-17;-18;-19;-20;-21;-22;-23;-24;-25;-26;-27;-28;-29;-30;31;-32;33;-34;-35;-36;-37;-38;-39;-40;-41;-42;-43;-44;-45;-46;-47;-48;-49;-50;51;52;-53;-54;-55;-56;-57;-58;-59;-60;-61;-62;63;-64;-65;-66;-67;-68;69;70;-71;-72;-73;74;-75;76;77;-78;79;
1;2;3;-4;-5;6;-7;-8;-9;-10;-11;12;-13;-14;-15;-16;-17;-18;-19;-20;-21;22;-23;-24;-25;-26;-27;-28;29;-30;-31;-32;-33;-34;-35;-36;-37;-38;-39;-40;-41;-42;-43;-44;-45;-46;-47;-48;-49;-50;51;-52;53;54;55;-56;-57;58;-59;-60;-61;-62;63;-64;-65;-66;-67;-68;69;-70;71;-72;-73;74;-75;76;-77;-78;-79;
1;2;-3;-4;-5;-6;7;-8;9;10;-11;12;-13;-14;-15;-16;-17;-18;-19;-20;-21;-22;-23;-24;-25;-26;-27;-28;-29;-30;-31;-32;-33;34;-35;36;-37;-38;-39;-40;-41;-42;-43;-44;-45;-46;-47;-48;-49;-50;51;52;-53;-54;-55;-56;-57;-58;-59;-60;-61;-62;63;64;65;-66;-67;-68;-69;-70;-71;-72;-73;74;75;-76;77;78;-79;
1;2;-3;-4;-5;-6;7;-8;9;10;-11;12;-13;-14;-15;-16;-17;-18;-19;-20;-21;-22;-23;-24;-25;-26;-27;-28;-29;-30;-31;-32;-33;-34;-35;-36;-37;-38;-39;-40;-41;-42;-43;44;-45;-46;-47;48;-49;-50;51;52;-53;-54;-55;-56;-57;-58;-59;-60;-61;-62;63;-64;-65;-66;-67;-68;69;-70;71;-72;-73;74;-75;76;77;78;-79;
1;2;3;4;-5;-6;-7;-8;-9;-10;-11;12;-13;-14;-15;-16;-17;-18;-19;-20;-21;22;-23;-24;-25;-26;-27;28;-29;-30;-31;-32;-33;-34;-35;-36;-37;-38;-39;-40;-41;-42;-43;-44;-45;-46;-47;-48;-49;-50;51;-52;53;54;55;-56;-57;58;-59;-60;-61;-62;63;64;-65;66;-67;-68;-69;-70;-71;-72;-73;74;75;-76;-77;-78;-79;
1;2;-3;-4;-5;-6;7;-8;9;10;-11;12;-13;-14;-15;-16;-17;-18;-19;-20;-21;22;-23;-24;-25;-26;-27;-28;-29;30;-31;-32;-33;-34;-35;-36;-37;-38;-39;-40;-41;-42;-43;-44;-45;-46;-47;-48;-49;-50;51;-52;53;54;55;56;-57;-58;-59;-60;-61;-62;63;-64;-65;-66;-67;-68;69;70;-71;-72;-73;74;-75;76;77;78;-79;
1;2;3;4;-5;-6;-7;-8;-9;-10;-11;12;-13;-14;-15;-16;-17;-18;-19;-20;-21;-22;-23;-24;-25;-26;-27;-28;-29;-30;-31;-32;-33;-34;-35;-36;-37;-38;-39;-40;-41;-42;-43;44;-45;-46;-47;48;-49;-50;51;52;-53;-54;-55;-56;-57;-58;-59;-60;-61;-62;63;64;65;-66;-67;-68;-69;-70;-71;-72;-73;74;75;-76;77;-78;79;
1;2;3;4;-5;-6;-7;-8;-9;-10;-11;12;13;14;-15;-16;-17;-18;-19;-20;-21;-22;-23;-24;-25;-26;-27;-28;-29;-30;-31;-32;-33;-34;-35;-36;-37;-38;-39;-40;-41;-42;-43;-44;-45;-46;-47;-48;-49;-50;51;-52;53;54;55;-56;57;-58;-59;-60;-61;-62;63;-64;-65;-66;-67;-68;69;-70;-71;72;-73;74;75;-76;77;-78;79;
1;2;-3;-4;-5;-6;7;-8;9;-10;11;12;-13;-14;-15;-16;-17;-18;-19;-20;-21;22;-23;-24;25;-26;-27;-28;-29;-30;-31;-32;-33;-34;-35;-36;-37;-38;-39;-40;-41;-42;-43;-44;-45;-46;-47;-48;-49;-50;51;52;-53;-54;-55;-56;-57;-58;-59;-60;-61;-62;63;64;-65;-66;67;-68;-69;-70;-71;-72;-73;74;-75;76;77;78;-79;
1;2;-3;-4;-5;-6;7;-8;9;-10;11;12;-13;-14;-15;-16;-17;-18;-19;-20;-21;-22;-23;-24;-25;-26;-27;-28;-29;-30;-31;-32;-33;-34;-35;-36;-37;-38;-39;-40;-41;-42;-43;44;-45;-46;-47;48;-49;-50;51;-52;53;54;55;56;-57;-58;-59;-60;-61;-62;63;-64;-65;-66;-67;-68;69;70;-71;-72;-73;74;75;-76;77;78;-79;
1;2;3;-4;5;-6;-7;-8;-9;-10;-11;12;13;-14;15;-16;-17;-18;-19;-20;-21;-22;-23;-24;-25;-26;-27;-28;-29;-30;-31;-32;-33;-34;-35;-36;-37;-38;-39;-40;-41;-42;-43;-44;-45;-46;-47;-48;-49;-50;51;52;-53;-54;-55;-56;-57;-58;-59;-60;-61;-62;63;64;-65;-66;67;-68;-69;-70;-71;-72;-73;74;-75;76;77;-78;79;
1;2;3;-4;-5;6;-7;-8;-9;-10;-11;12;-13;-14;-15;-16;-17;-18;-19;-20;-21;-22;-23;-24;-25;-26;-27;-28;-29;-30;-31;-32;-33;-34;-35;-36;-37;-38;-39;-40;-41;-42;-43;44;-45;-46;-47;-48;-49;50;51;-52;53;54;55;-56;-57;58;-59;-60;-61;-62;63;64;-65;66;-67;-68;-69;-70;-71;-72;-73;74;75;-76;77;-78;79;
1;2;-3;-4;-5;-6;7;-8;9;-10;11;12;13;-14;-15;-16;-17;-18;-19;-20;21;-22;-23;-24;-25;-26;-27;-28;-29;-30;-31;-32;-33;-34;-35;-36;-37;-38;-39;-40;-41;-42;-43;-44;-45;-46;-47;-48;-49;-50;51;52;-53;-54;-55;-56;-57;-58;-59;-60;-61;-62;63;-64;-65;-66;-67;-68;69;70;-71;-72;-73;74;-75;76;77;78;-79;
1;2;3;-4;-5;6;-7;-8;-9;-10;-11;12;13;-14;15;-16;-17;-18;-19;-20;-21;-22;-23;-24;-25;-26;-27;-28;-29;-30;-31;-32;-33;-34;-35;-36;-37;-38;-39;-40;-41;-42;-43;-44;-45;-46;-47;-48;-49;-50;51;52;-53;-54;-55;-56;-57;-58;-59;-60;-61;-62;63;64;-65;66;-67;-68;-69;-70;-71;-72;-73;74;-75;76;77;78;-79;
1;2;-3;-4;-5;-6;7;-8;9;10;-11;12;-13;-14;-15;-16;-17;-18;-19;-20;-21;-22;-23;-24;-25;-26;-27;-28;-29;-30;-31;-32;-33;34;-35;-36;-37;-38;-39;-40;-41;-42;43;-44;-45;-46;-47;-48;-49;-50;51;-52;53;54;-55;-56;-57;-58;59;-60;-61;62;63;-64;-65;-66;-67;-68;69;-70;71;-72;-73;74;75;-76;-77;-78;-79;
1;2;3;-4;5;-6;-7;-8;-9;-10;-11;12;-13;-14;-15;-16;-17;-18;-19;-20;-21;-22;-23;-24;-25;-26;-27;-28;-29;-30;31;32;-33;-34;-35;-36;-37;-38;-39;-40;-41;-42;-43;-44;-45;-46;-47;-48;-49;-50;51;52;-53;-54;-55;-56;-57;-58;-59;-60;-61;-62;63;-64;-65;-66;-67;-68;69;-70;-71;72;-73;74;75;-76;77;78;-79;
1;2;-3;-4;-5;-6;7;-8;9;-10;11;12;-13;-14;-15;-16;-17;-18;-19;-20;-21;-22;-23;-24;-25;-26;-27;-28;-29;-30;-31;-32;-33;34;-35;-36;37;-38;-39;-40;-41;-42;-43;-44;-45;-46;-47;-48;-49;-50;51;-52;53;54;-55;-56;-57;-58;59;60;-61;-62;63;64;-65;66;-67;-68;-69;-70;-71;-72;-73;74;-75;76;77;-78;79;
1;2;3;-4;5;-6;-7;-8;-9;-10;-11;12;-13;-14;-15;-16;-17;-18;-19;-20;-21;-22;-23;-24;-25;-26;-27;-28;-29;-30;-31;-32;-33;34;-35;-36;-37;38;-39;-40;-41;-42;-43;-44;-45;-46;-47;-48;-49;-50;51;-52;53;54;-55;-56;-57;-58;59;60;-61;-62;63;-64;-65;-66;-67;-68;69;70;-71;-72;-73;74;-75;76;77;78;-79;
1;2;-3;-4;-5;-6;7;-8;9;-10;11;12;-13;-14;-15;-16;-17;-18;-19;-20;-21;22;-23;-24;-25;26;-27;-28;-29;-30;-31;-32;-33;-34;-35;-36;-37;-38;-39;-40;-41;-42;-43;-44;-45;-46;-47;-48;-49;-50;51;52;-53;-54;-55;-56;-57;-58;-59;-60;-61;-62;63;64;-65;66;-67;-68;-69;-70;-71;-72;-73;74;75;-76;-77;-78;-79;
1;2;3;-4;5;-6;-7;-8;-9;-10;-11;12;-13;-14;-15;-16;-17;-18;-19;-20;-21;-22;-23;-24;-25;-26;-27;-28;-29;-30;-31;-32;-33;34;-35;-36;-37;-38;-39;-40;-41;42;-43;-44;-45;-46;-47;-48;-49;-50;51;-52;53;54;-55;-56;-57;-58;59;-60;-61;62;63;-64;-65;-66;-67;-68;69;-70;-71;72;-73;74;-75;76;-77;-78;-79;
1;2;-3;-4;-5;-6;7;-8;9;10;-11;12;-13;-14;-15;-16;-17;-18;-19;-20;-21;-22;-23;-24;-25;-26;-27;-28;-29;-30;-31;-32;-33;-34;-35;-36;-37;-38;-39;-40;-41;-42;-43;44;-45;-46;-47;-48;-49;50;51;52;-53;-54;-55;-56;-57;-58;-59;-60;-61;-62;63;64;-65;66;-67;-68;-69;-70;-71;-72;-73;74;75;-76;77;-78;79;
1;2;3;4;-5;-6;-7;-8;-9;-10;-11;12;13;-14;-15;-16;-17;-18;19;-20;-21;-22;-23;-24;-25;-26;-27;-28;-29;-30;-31;-32;-33;-34;-35;-36;-37;-38;-39;-40;-41;-42;-43;-44;-45;-46;-47;-48;-49;-50;51;-52;53;54;-55;-56;-57;-58;59;60;-61;-62;63;64;-65;-66;67;-68;-69;-70;-71;-72;-73;74;-75;76;77;78;-79;
1;2;-3;-4;-5;-6;7;-8;9;10;-11;12;-13;-14;-15;-16;-17;-18;-19;-20;-21;-22;-23;-24;-25;-26;-27;-28;-29;-30;-31;-32;-33;34;-35;36;-37;-38;-39;-40;-41;-42;-43;-44;-45;-46;-47;-48;-49;-50;51;52;-53;-54;-55;-56;-57;-58;-59;-60;-61;-62;63;-64;-65;-66;-67;-68;69;-70;-71;72;-73;74;75;-76;77;-78;79;
1;2;-3;-4;-5;-6;7;8;-9;-10;-11;12;13;-14;-15;16;-17;-18;-19;-20;-21;-22;-23;-24;-25;-26;-27;-28;-29;-30;-31;-32;-33;-34;-35;-36;-37;-38;-39;-40;-41;-42;-43;-44;-45;-46;-47;-48;-49;-50;51;52;-53;-54;-55;-56;-57;-58;-59;-60;-61;-62;63;-64;-65;-66;-67;-68;69;-70;71;-72;-73;74;75;-76;77;78;-79;
1;2;3;4;-5;-6;-7;-8;-9;-10;-11;12;-13;-14;-15;-16;-17;-18;-19;-20;-21;22;-23;-24;-25;26;-27;-28;-29;-30;-31;-32;-33;-34;-35;-36;-37;-38;-39;-40;-41;-42;-43;-44;-45;-46;-47;-48;-49;-50;51;-52;53;54;-55;-56;-57;-58;59;60;-61;-62;63;64;-65;66;-67;-68;-69;-70;-71;-72;-73;74;-75;76;77;-78;79;
1;2;-3;-4;-5;-6;7;-8;9;10;-11;12;13;-14;-15;-16;17;-18;-19;-20;-21;-22;-23;-24;-25;-26;-27;-28;-29;-30;-31;-32;-33;-34;-35;-36;-37;-38;-39;-40;-41;-42;-43;-44;-45;-46;-47;-48;-49;-50;51;-52;53;54;-55;-56;-57;-58;59;-60;61;-62;63;-64;-65;-66;-67;68;-69;-70;-71;-72;-73;74;75;-76;77;78;-79;
1;2;3;-4;5;-6;-7;-8;-9;-10;-11;12;-13;-14;-15;-16;-17;-18;-19;-20;-21;22;-23;-24;-25;-26;-27;-28;-29;30;-31;-32;-33;-34;-35;-36;-37;-38;-39;-40;-41;-42;-43;-44;-45;-46;-47;-48;-49;-50;51;52;-53;-54;-55;-56;-57;-58;-59;-60;-61;-62;63;-64;-65;-66;-67;-68;69;-70;-71;72;-73;74;-75;76;-77;-78;-79;
1;2;3;-4;-5;6;-7;-8;-9;-10;-11;12;-13;-14;-15;-16;-17;-18;-19;-20;-21;-22;-23;-24;-25;-26;-27;-28;-29;-30;-31;-32;-33;-34;-35;-36;-37;-38;-39;-40;-41;-42;-43;44;-45;-46;-47;48;-49;-50;51;-52;53;54;-55;-56;-57;-58;59;60;-61;-62;63;64;65;-66;-67;-68;-69;-70;-71;-72;-73;74;75;-76;77;78;-79;
1;2;-3;-4;-5;-6;7;-8;9;10;-11;12;-13;-14;-15;-16;-17;-18;-19;-20;-21;-22;-23;-24;-25;-26;-27;-28;-29;-30;-31;-32;-33;34;35;-36;-37;-38;-39;-40;-41;-42;-43;-44;-45;-46;-47;-48;-49;-50;51;52;-53;-54;-55;-56;-57;-58;-59;-60;-61;-62;63;-64;-65;-66;-67;-68;-69;-70;-71;-72;73;74;-75;76;-77;-78;-79;
1;2;-3;-4;-5;-6;7;-8;9;-10;11;12;-13;-14;-15;-16;-17;-18;-19;-20;-21;-22;-23;-24;-25;-26;-27;-28;-29;-30;-31;-32;-33;34;-35;-36;-37;-38;-39;-40;-41;42;-43;-44;-45;-46;-47;-48;-49;-50;51;52;-53;-54;-55;-56;-57;-58;-59;-60;-61;-62;63;-64;-65;-66;-67;-68;-69;-70;-71;-72;73;74;75;-76;-77;-78;-79;
1;2;3;4;-5;-6;-7;-8;-9;-10;-11;12;-13;-14;-15;-16;-17;-18;-19;-20;-21;22;-23;-24;-25;-26;27;-28;-29;-30;-31;-32;-33;-34;-35;-36;-37;-38;-39;-40;-41;-42;-43;-44;-45;-46;-47;-48;-49;-50;51;-52;53;54;55;-56;57;-58;-59;-60;-61;-62;63;-64;-65;-66;-67;-68;69;70;-71;-72;-73;74;-75;76;77;78;-79;
1;2;3;-4;-5;6;-7;-8;-9;-10;-11;12;13;-14;-15;-16;17;-18;-19;-20;-21;-22;-23;-24;-25;-26;-27;-28;-29;-30;-31;-32;-33;-34;-35;-36;-37;-38;-39;-40;-41;-42;-43;-44;-45;-46;-47;-48;-49;-50;51;-52;53;54;55;-56;57;-58;-59;-60;-61;-62;63;-64;-65;-66;-67;-68;69;-70;71;-72;-73;74;75;-76;77;78;-79;
1;2;-3;-4;-5;-6;7;8;-9;-10;-11;12;-13;-14;-15;-16;-17;-18;-19;-20;-21;22;-23;-24;25;-26;-27;-28;-29;-30;-31;-32;-33;-34;-35;-36;-37;-38;-39;-40;-41;-42;-43;-44;-45;-46;-47;-48;-49;-50;51;52;-53;-54;-55;-56;-57;-58;-59;-60;-61;-62;63;64;65;-66;-67;-68;-69;-70;-71;-72;-73;74;-75;76;77;-78;79;
1;2;3;4;-5;-6;-7;-8;-9;-10;-11;12;-13;-14;-15;-16;-17;-18;-19;-20;-21;-22;-23;-24;-25;-26;-27;-28;-29;-30;-31;-32;-33;34;-35;-36;-37;38;-39;-40;-41;-42;-43;-44;-45;-46;-47;-48;-49;-50;51;-52;53;54;55;56;-57;-58;-59;-60;-61;-62;63;64;-65;66;-67;-68;-69;-70;-71;-72;-73;74;-75;76;-77;-78;-79;
1;2;-3;-4;-5;-6;7;-8;9;10;-11;12;13;-14;-15;-16;-17;-18;-19;-20;21;-22;-23;-24;-25;-26;-27;-28;-29;-30;-31;-32;-33;-34;-35;-36;-37;-38;-39;-40;-41;-42;-43;-44;-45;-46;-47;-48;-49;-50;51;-52;53;54;-55;-56;-57;-58;59;-60;61;-62;63;-64;-65;-66;-67;-68;69;70;-71;-72;-73;74;75;-76;77;78;-79;
1;2;-3;-4;-5;-6;7;8;-9;-10;-11;12;-13;-14;-15;-16;-17;-18;-19;-20;-21;22;-23;-24;-25;-26;-27;28;-29;-30;-31;-32;-33;-34;-35;-36;-37;-38;-39;-40;-41;-42;-43;-44;-45;-46;-47;-48;-49;-50;51;-52;53;54;-55;-56;-57;-58;59;-60;-61;62;63;-64;-65;-66;-67;-68;69;-70;-71;72;-73;74;75;-76;-77;-78;-79;
1;2;3;4;-5;-6;-7;-8;-9;-10;-11;12;-13;-14;-15;-16;-17;-18;-19;-20;-21;-22;-23;-24;-25;-26;-27;-28;-29;-30;-31;-32;-33;-34;-35;-36;-37;-38;-39;-40;-41;-42;-43;44;-45;-46;-47;-48;-49;50;51;52;-53;-54;-55;-56;-57;-58;-59;-60;-61;-62;63;64;-65;-66;67;-68;-69;-70;-71;-72;-73;74;-75;76;77;78;-79;
1;2;-3;-4;-5;-6;7;-8;9;-10;11;12;-13;-14;-15;-16;-17;-18;-19;-20;-21;22;-23;-24;-25;-26;-27;28;-29;-30;-31;-32;-33;-34;-35;-36;-37;-38;-39;-40;-41;-42;-43;-44;-45;-46;-47;-48;-49;-50;51;-52;53;54;55;-56;-57;58;-59;-60;-61;-62;63;-64;-65;-66;-67;68;-69;-70;-71;-72;-73;74;75;-76;-77;-78;-79;
1;2;3;-4;-5;6;-7;-8;-9;-10;-11;12;13;-14;-15;-16;17;-18;-19;-20;-21;-22;-23;-24;-25;-26;-27;-28;-29;-30;-31;-32;-33;-34;-35;-36;-37;-38;-39;-40;-41;-42;-43;-44;-45;-46;-47;-48;-49;-50;51;52;-53;-54;-55;-56;-57;-58;-59;-60;-61;-62;63;64;65;-66;-67;-68;-69;-70;-71;-72;-73;74;-75;76;77;78;-79;
1;2;-3;-4;-5;-6;7;8;-9;-10;-11;12;-13;-14;-15;-16;-17;-18;-19;-20;-21;-22;-23;-24;-25;-26;-27;-28;-29;-30;-31;-32;-33;34;-35;-36;-37;38;-39;-40;-41;-42;-43;-44;-45;-46;-47;-48;-49;-50;51;52;-53;-54;-55;-56;-57;-58;-59;-60;-61;-62;63;64;-65;-66;67;-68;-69;-70;-71;-72;-73;74;-75;76;77;78;-79;
1;2;3;4;-5;-6;-7;-8;-9;-10;-11;12;-13;-14;-15;-16;-17;-18;-19;-20;-21;22;-23;24;-25;-26;-27;-28;-29;-30;-31;-32;-33;-34;-35;-36;-37;-38;-39;-40;-41;-42;-43;-44;-45;-46;-47;-48;-49;-50;51;-52;53;54;55;-56;57;-58;-59;-60;-61;-62;63;-64;-65;-66;-67;-68;69;70;-71;-72;-73;74;75;-76;77;-78;79;
1;2;-3;-4;-5;-6;7;-8;9;-10;11;12;-13;-14;-15;-16;-17;-18;-19;-20;-21;22;-23;24;-25;-26;-27;-28;-29;-30;-31;-32;-33;-34;-35;-36;-37;-38;-39;-40;-41;-42;-43;-44;-45;-46;-47;-48;-49;-50;51;52;-53;-54;-55;-56;-57;-58;-59;-60;-61;-62;63;-64;-65;-66;-67;-68;-69;-70;-71;-72;73;74;75;-76;77;-78;79;
1;2;3;4;-5;-6;-7;-8;-9;-10;-11;12;-13;-14;-15;-16;-17;-18;-19;-20;-21;-22;-23;-24;-25;-26;-27;-28;-29;-30;-31;-32;-33;34;-35;-36;-37;-38;-39;-40;-41;-42;43;-44;-45;-46;-47;-48;-49;-50;51;-52;53;54;55;-56;-57;58;-59;-60;-61;-62;63;-64;-65;-66;-67;-68;69;-70;71;-72;-73;74;-75;76;77;78;-79;
1;2;-3;-4;-5;-6;7;-8;9;-10;11;12;-13;-14;-15;-16;-17;-18;-19;-20;-21;22;-23;-24;-25;-26;-27;-28;-29;30;-31;-32;-33;-34;-35;-36;-37;-38;-39;-40;-41;-42;-43;-44;-45;-46;-47;-48;-49;-50;51;-52;53;54;-55;-56;-57;-58;59;-60;61;-62;63;64;-65;66;-67;-68;-69;-70;-71;-72;-73;74;75;-76;77;-78;79;
1;2;3;-4;-5;6;-7;-8;-9;-10;-11;12;13;-14;-15;-16;-17;18;-19;-20;-21;-22;-23;-24;-25;-26;-27;-28;-29;-30;-31;-32;-33;-34;-35;-36;-37;-38;-39;-40;-41;-42;-43;-44;-45;-46;-47;-48;-49;-50;51;-52;53;54;55;56;-57;-58;-59;-60;-61;-62;63;-64;-65;-66;-67;-68;69;-70;-71;72;-73;74;-75;76;-77;-78;-79;
1;2;-3;-4;-5;-6;7;-8;9;10;-11;12;-13;-14;-15;-16;-17;-18;-19;-20;-21;-22;-23;-24;-25;-26;-27;-28;-29;-30;31;32;-33;-34;-35;-36;-37;-38;-39;-40;-41;-42;-43;-44;-45;-46;-47;-48;-49;-50;51;-52;53;54;55;-56;57;-58;-59;-60;-61;-62;63;64;65;-66;-67;-68;-69;-70;-71;-72;-73;74;-75;76;77;-78;79;
1;2;3;4;-5;-6;-7;-8;-9;-10;-11;12;13;14;-15;-16;-17;-18;-19;-20;-21;-22;-23;-24;-25;-26;-27;-28;-29;-30;-31;-32;-33;-34;-35;-36;-37;-38;-39;-40;-41;-42;-43;-44;-45;-46;-47;-48;-49;-50;51;-52;53;54;-55;-56;-57;-58;59;60;-61;-62;63;-64;-65;-66;-67;-68;69;70;-71;-72;-73;74;75;-76;77;78;-79;
1;2;3;-4;-5;6;-7;-8;-9;-10;-11;12;-13;-14;-15;-16;-17;-18;-19;-20;-21;-22;-23;-24;-25;-26;-27;-28;-29;-30;-31;-32;-33;34;35;-36;-37;-38;-39;-40;-41;-42;-43;-44;-45;-46;-47;-48;-49;-50;51;-52;53;54;-55;-56;-57;-58;59;-60;61;-62;63;64;-65;-66;67;-68;-69;-70;-71;-72;-73;74;-75;76;77;78;-79;
1;2;-3;-4;-5;-6;7;-8;9;-10;11;12;-13;-14;-15;-16;-17;-18;-19;-20;-21;22;-23;24;-25;-26;-27;-28;-29;-30;-31;-32;-33;-34;-35;-36;-37;-38;-39;-40;-41;-42;-43;-44;-45;-46;-47;-48;-49;-50;51;52;-53;-54;-55;-56;-57;-58;-59;-60;-61;-62;63;-64;-65;-66;-67;68;-69;-70;-71;-72;-73;74;75;-76;77;-78;79;
1;2;-3;-4;-5;-6;7;-8;9;10;-11;12;-13;-14;-15;-16;-17;-18;-19;-20;-21;22;-23;-24;25;-26;-27;-28;-29;-30;-31;-32;-33;-34;-35;-36;-37;-38;-39;-40;-41;-42;-43;-44;-45;-46;-47;-48;-49;-50;51;52;-53;-54;-55;-56;-57;-58;-59;-60;-61;-62;63;-64;-65;-66;-67;-68;-69;-70;-71;-72;73;74;75;-76;77;78;-79;
1;2;3;-4;-5;6;-7;-8;-9;-10;-11;12;13;-14;-15;-16;-17;18;-19;-20;-21;-22;-23;-24;-25;-26;-27;-28;-29;-30;-31;-32;-33;-34;-35;-36;-37;-38;-39;-40;-41;-42;-43;-44;-45;-46;-47;-48;-49;-50;51;-52;53;54;-55;-56;-57;-58;59;-60;-61;62;63;64;-65;-66;67;-68;-69;-70;-71;-72;-73;74;-75;76;-77;-78;-79;
1;2;3;-4;-5;6;-7;-8;-9;-10;-11;12;-13;-14;-15;-16;-17;-18;-19;-20;-21;-22;-23;-24;-25;-26;-27;-28;-29;-30;-31;-32;-33;34;-35;-36;-37;-38;-39;-40;-41;42;-43;-44;-45;-46;-47;-48;-49;-50;51;-52;53;54;-55;-56;-57;-58;59;60;-61;-62;63;-64;-65;-66;-67;-68;69;-70;-71;72;-73;74;75;-76;77;78;-79;
1;2;-3;-4;-5;-6;7;-8;9;-10;11;12;-13;-14;-15;-16;-17;-18;-19;-20;-21;-22;-23;-24;-25;-26;-27;-28;-29;-30;-31;-32;-33;-34;-35;-36;-37;-38;-39;-40;-41;-42;-43;44;-45;-46;47;-48;-49;-50;51;52;-53;-54;-55;-56;-57;-58;-59;-60;-61;-62;63;-64;-65;-66;-67;68;-69;-70;-71;-72;-73;74;-75;76;-77;-78;-79;
1;2;-3;-4;-5;-6;7;-8;9;-10;11;12;13;-14;-15;-16;-17;-18;19;-20;-21;-22;-23;-24;-25;-26;-27;-28;-29;-30;-31;-32;-33;-34;-35;-36;-37;-38;-39;-40;-41;-42;-43;-44;-45;-46;-47;-48;-49;-50;51;-52;53;54;-55;-56;-57;-58;59;-60;61;-62;63;-64;-65;-66;-67;-68;-69;-70;-71;-72;73;74;-75;76;77;-78;79;
1;2;3;4;-5;-6;-7;-8;-9;-10;-11;12;-13;-14;-15;-16;-17;-18;-19;-20;-21;-22;-23;-24;-25;-26;-27;-28;-29;-30;-31;-32;-33;-34;-35;-36;-37;-38;-39;-40;-41;-42;-43;44;-45;-46;47;-48;-49;-50;51;-52;53;54;55;56;-57;-58;-59;-60;-61;-62;63;-64;-65;-66;-67;-68;69;-70;-71;72;-73;74;75;-76;77;78;-79;
1;2;-3;-4;-5;-6;7;8;-9;-10;-11;12;-13;-14;-15;-16;-17;-18;-19;-20;-21;22;-23;-24;-25;-26;-27;28;-29;-30;-31;-32;-33;-34;-35;-36;-37;-38;-39;-40;-41;-42;-43;-44;-45;-46;-47;-48;-49;-50;51;-52;53;54;-55;-56;-57;-58;59;60;-61;-62;63;64;-65;-66;67;-68;-69;-70;-71;-72;-73;74;-75;76;-77;-78;-79;
1;2;3;4;-5;-6;-7;-8;-9;-10;-11;12;-13;-14;-15;-16;-17;-18;-19;-20;-21;-22;-23;-24;-25;-26;-27;-28;-29;-30;-31;-32;-33;34;35;-36;-37;-38;-39;-40;-41;-42;-43;-44;-45;-46;-47;-48;-49;-50;51;-52;53;54;55;56;-57;-58;-59;-60;-61;-62;63;-64;-65;-66;-67;-68;69;-70;-71;72;-73;74;75;-76;77;78;-79;
1;2;-3;-4;-5;-6;7;-8;9;-10;11;12;-13;-14;-15;-16;-17;-18;-19;-20;-21;-22;-23;-24;-25;-26;-27;-28;-29;-30;-31;-32;-33;34;-35;-36;-37;38;-39;-40;-41;-42;-43;-44;-45;-46;-47;-48;-49;-50;51;-52;53;54;-55;-56;-57;-58;59;-60;61;-62;63;64;-65;-66;67;-68;-69;-70;-71;-72;-73;74;75;-76;-77;-78;-79;
1;2;-3;-4;-5;-6;7;8;-9;-10;-11;12;13;-14;-15;-16;-17;18;-19;-20;-21;-22;-23;-24;-25;-26;-27;-28;-29;-30;-31;-32;-33;-34;-35;-36;-37;-38;-39;-40;-41;-42;-43;-44;-45;-46;-47;-48;-49;-50;51;52;-53;-54;-55;-56;-57;-58;-59;-60;-61;-62;63;-64;-65;-66;-67;-68;69;-70;71;-72;-73;74;-75;76;77;78;-79;
1;2;3;4;-5;-6;-7;-8;-9;-10;-11;12;-13;-14;-15;-16;-17;-18;-19;-20;-21;-22;-23;-24;-25;-26;-27;-28;-29;-30;-31;-32;-33;34;-35;-36;-37;-38;-39;-40;-41;-42;43;-44;-45;-46;-47;-48;-49;-50;51;-52;53;54;-55;-56;-57;-58;59;-60;-61;62;63;-64;-65;-66;-67;-68;-69;-70;-71;-72;73;74;75;-76;77;-78;79;
1;2;-3;-4;-5;-6;7;-8;9;10;-11;12;-13;-14;-15;-16;-17;-18;-19;-20;-21;-22;-23;-24;-25;-26;-27;-28;-29;-30;-31;-32;-33;-34;-35;-36;-37;-38;-39;-40;-41;-42;-43;44;-45;-46;-47;48;-49;-50;51;-52;53;54;55;-56;57;-58;-59;-60;-61;-62;63;-64;-65;-66;-67;-68;69;-70;71;-72;-73;74;-75;76;-77;-78;-79;
1;2;3;-4;-5;6;-7;-8;-9;-10;-11;12;-13;-14;-15;-16;-17;-18;-19;-20;-21;22;-23;24;-25;-26;-27;-28;-29;-30;-31;-32;-33;-34;-35;-36;-37;-38;-39;-40;-41;-42;-43;-44;-45;-46;-47;-48;-49;-50;51;-52;53;54;-55;-56;-57;-58;59;60;-61;-62;63;-64;-65;-66;-67;68;-69;-70;-71;-72;-73;74;75;-76;77;-78;79;
1;2;-3;-4;-5;-6;7;-8;9;-10;11;12;-13;-14;-15;-16;-17;-18;-19;-20;-21;-22;-23;-24;-25;-26;-27;-28;-29;-30;31;-32;33;-34;-35;-36;-37;-38;-39;-40;-41;-42;-43;-44;-45;-46;-47;-48;-49;-50;51;-52;53;54;55;-56;-57;58;-59;-60;-61;-62;63;64;65;-66;-67;-68;-69;-70;-71;-72;-73;74;-75;76;77;78;-79;
1;2;-3;-4;-5;-6;7;8;-9;-10;-11;12;-13;-14;-15;-16;-17;-18;-19;-20;-21;22;-23;-24;-25;26;-27;-28;-29;-30;-31;-32;-33;-34;-35;-36;-37;-38;-39;-40;-41;-42;-43;-44;-45;-46;-47;-48;-49;-50;51;-52;53;54;55;56;-57;-58;-59;-60;-61;-62;63;-64;-65;-66;-67;-68;69;-70;-71;72;-73;74;75;-76;77;-78;79;
1;2;3;-4;5;-6;-7;-8;-9;-10;-11;12;-13;-14;-15;-16;-17;-18;-19;-20;-21;-22;-23;-24;-25;-26;-27;-28;-29;-30;-31;-32;-33;-34;-35;-36;-37;-38;-39;-40;-41;-42;-43;44;45;-46;-47;-48;-49;-50;51;-52;53;54;-55;-56;-57;-58;59;60;-61;-62;63;64;-65;66;-67;-68;-69;-70;-71;-72;-73;74;-75;76;77;78;-79;
1;2;-3;-4;-5;-6;7;-8;9;-10;11;12;-13;-14;-15;-16;-17;-18;-19;-20;-21;22;-23;-24;-25;-26;-27;-28;29;-30;-31;-32;-33;-34;-35;-36;-37;-38;-39;-40;-41;-42;-43;-44;-45;-46;-47;-48;-49;-50;51;-52;53;54;55;-56;57;-58;-59;-60;-61;-62;63;64;65;-66;-67;-68;-69;-70;-71;-72;-73;74;75;-76;-77;-78;-79;
1;2;3;4;-5;-6;-7;-8;-9;-10;-11;12;-13;-14;-15;-16;-17;-18;-19;-20;-21;-22;-23;-24;-25;-26;-27;-28;-29;-30;-31;-32;-33;-34;-35;-36;-37;-38;-39;-40;-41;-42;-43;44;-45;-46;47;-48;-49;-50;51;-52;53;54;-55;-56;-57;-58;59;-60;-61;62;63;-64;-65;-66;-67;-68;-69;-70;-71;-72;73;74;-75;76;77;78;-79;
1;2;3;-4;5;-6;-7;-8;-9;-10;-11;12;13;-14;15;-16;-17;-18;-19;-20;-21;-22;-23;-24;-25;-26;-27;-28;-29;-30;-31;-32;-33;-34;-35;-36;-37;-38;-39;-40;-41;-42;-43;-44;-45;-46;-47;-48;-49;-50;51;-52;53;54;55;-56;-57;58;-59;-60;-61;-62;63;64;-65;66;-67;-68;-69;-70;-71;-72;-73;74;-75;76;77;78;-79;
1;2;-3;-4;-5;-6;7;8;-9;-10;-11;12;-13;-14;-15;-16;-17;-18;-19;-20;-21;-22;-23;-24;-25;-26;-27;-28;-29;-30;-31;-32;-33;34;-35;-36;-37;38;-39;-40;-41;-42;-43;-44;-45;-46;-47;-48;-49;-50;51;-52;53;54;-55;-56;-57;-58;59;-60;61;-62;63;-64;-65;-66;-67;-68;69;-70;71;-72;-73;74;75;-76;-77;-78;-79;
1;2;-3;-4;-5;-6;7;-8;9;-10;11;12;-13;-14;-15;-16;-17;-18;-19;-20;-21;-22;-23;-24;-25;-26;-27;-28;-29;-30;-31;-32;-33;-34;-35;-36;-37;-38;-39;-40;-41;-42;-43;44;-45;-46;-47;48;-49;-50;51;-52;53;54;55;-56;-57;58;-59;-60;-61;-62;63;-64;-65;-66;-67;-68;69;-70;71;-72;-73;74;-75;76;77;-78;79;
1;2;-3;-4;-5;-6;7;8;-9;-10;-11;12;-13;-14;-15;-16;-17;-18;-19;-20;-21;22;-23;-24;-25;-26;-27;-28;29;-30;-31;-32;-33;-34;-35;-36;-37;-38;-39;-40;-41;-42;-43;-44;-45;-46;-47;-48;-49;-50;51;-52;53;54;-55;-56;-57;-58;59;-60;-61;62;63;64;65;-66;-67;-68;-69;-70;-71;-72;-73;74;75;-76;-77;-78;-79;
1;2;-3;-4;-5;-6;7;-8;9;10;-11;12;-13;-14;-15;-16;-17;-18;-19;-20;-21;-22;-23;-24;-25;-26;-27;-28;-29;-30;-31;-32;-33;-34;-35;-36;-37;-38;-39;-40;-41;-42;-43;44;-45;-46;-47;48;-49;-50;51;-52;53;54;-55;-56;-57;-58;59;60;-61;-62;63;-64;-65;-66;-67;-68;69;70;-71;-72;-73;74;-75;76;77;78;-79;
1;2;-3;-4;-5;-6;7;8;-9;-10;-11;12;-13;-14;-15;-16;-17;-18;-19;-20;-21;-22;-23;-24;-25;-26;-27;-28;-29;-30;-31;-32;-33;34;-35;-36;-37;-38;-39;-40;41;-42;-43;-44;-45;-46;-47;-48;-49;-50;51;-52;53;54;55;-56;-57;58;-59;-60;-61;-62;63;64;-65;-66;67;-68;-69;-70;-71;-72;-73;74;75;-76;-77;-78;-79;
1;2;-3;-4;-5;-6;7;-8;9;10;-11;12;-13;-14;-15;-16;-17;-18;-19;-20;-21;-22;-23;-24;-25;-26;-27;-28;-29;-30;31;-32;33;-34;-35;-36;-37;-38;-39;-40;-41;-42;-43;-44;-45;-46;-47;-48;-49;-50;51;-52;53;54;-55;-56;-57;-58;59;-60;-61;62;63;-64;-65;-66;-67;68;-69;-70;-71;-72;-73;74;75;-76;77;78;-79;
1;2;-3;-4;-5;-6;7;8;-9;-10;-11;12;13;14;-15;-16;-17;-18;-19;-20;-21;-22;-23;-24;-25;-26;-27;-28;-29;-30;-31;-32;-33;-34;-35;-36;-37;-38;-39;-40;-41;-42;-43;-44;-45;-46;-47;-48;-49;-50;51;52;-53;-54;-55;-56;-57;-58;-59;-60;-61;-62;63;-64;-65;-66;-67;-68;69;-70;-71;72;-73;74;-75;76;-77;-78;-79;
1;2;-3;-4;-5;-6;7;-8;9;-10;11;12;13;-14;-15;-16;-17;-18;19;-20;-21;-22;-23;-24;-25;-26;-27;-28;-29;-30;-31;-32;-33;-34;-35;-36;-37;-38;-39;-40;-41;-42;-43;-44;-45;-46;-47;-48;-49;-50;51;-52;53;54;-55;-56;-57;-58;59;60;-61;-62;63;-64;-65;-66;-67;68;-69;-70;-71;-72;-73;74;75;-76;77;78;-79;
1;2;3;4;-5;-6;-7;-8;-9;-10;-11;12;-13;-14;-15;-16;-17;-18;-19;-20;-21;-22;-23;-24;-25;-26;-27;-28;-29;-30;31;32;-33;-34;-35;-36;-37;-38;-39;-40;-41;-42;-43;-44;-45;-46;-47;-48;-49;-50;51;-52;53;54;-55;-56;-57;-58;59;-60;61;-62;63;-64;-65;-66;-67;-68;69;-70;71;-72;-73;74;-75;76;-77;-78;-79;
1;2;-3;-4;-5;-6;7;8;-9;-10;-11;12;-13;-14;-15;-16;-17;-18;-19;-20;-21;-22;-23;-24;-25;-26;-27;-28;-29;-30;-31;-32;-33;34;-35;-36;-37;-38;-39;-40;41;-42;-43;-44;-45;-46;-47;-48;-49;-50;51;-52;53;54;-55;-56;-57;-58;59;-60;-61;62;63;-64;-65;-66;-67;68;-69;-70;-71;-72;-73;74;75;-76;77;-78;79;
1;2;3;-4;-5;6;-7;-8;-9;-10;-11;12;-13;-14;-15;-16;-17;-18;-19;-20;-21;22;-23;-24;-25;-26;-27;-28;-29;30;-31;-32;-33;-34;-35;-36;-37;-38;-39;-40;-41;-42;-43;-44;-45;-46;-47;-48;-49;-50;51;-52;53;54;-55;-56;-57;-58;59;60;-61;-62;63;-64;-65;-66;-67;-68;69;-70;71;-72;-73;74;-75;76;-77;-78;-79;
1;2;-3;-4;-5;-6;7;8;-9;-10;-11;12;-13;-14;-15;-16;-17;-18;-19;-20;-21;-22;-23;-24;-25;-26;-27;-28;-29;-30;-31;-32;-33;34;-35;-36;37;-38;-39;-40;-41;-42;-43;-44;-45;-46;-47;-48;-49;-50;51;-52;53;54;55;-56;-57;58;-59;-60;-61;-62;63;-64;-65;-66;-67;-68;69;-70;71;-72;-73;74;-75;76;77;78;-79;
1;2;3;4;-5;-6;-7;-8;-9;-10;-11;12;-13;-14;-15;-16;-17;-18;-19;-20;-21;-22;-23;-24;-25;-26;-27;-28;-29;-30;31;-32;33;-34;-35;-36;-37;-38;-39;-40;-41;-42;-43;-44;-45;-46;-47;-48;-49;-50;51;-52;53;54;-55;-56;-57;-58;59;60;-61;-62;63;-64;-65;-66;-67;68;-69;-70;-71;-72;-73;74;-75;76;-77;-78;-79;
1;2;-3;-4;-5;-6;7;-8;9;-10;11;12;-13;-14;-15;-16;-17;-18;-19;-20;-21;-22;-23;-24;-25;-26;-27;-28;-29;-30;-31;-32;-33;34;-35;-36;-37;-38;-39;40;-41;-42;-43;-44;-45;-46;-47;-48;-49;-50;51;-52;53;54;-55;-56;-57;-58;59;-60;-61;62;63;-64;-65;-66;-67;-68;69;70;-71;-72;-73;74;-75;76;77;78;-79;
1;2;-3;-4;-5;-6;7;8;-9;-10;-11;12;13;-14;-15;-16;-17;-18;19;-20;-21;-22;-23;-24;-25;-26;-27;-28;-29;-30;-31;-32;-33;-34;-35;-36;-37;-38;-39;-40;-41;-42;-43;-44;-45;-46;-47;-48;-49;-50;51;-52;53;54;-55;-56;-57;-58;59;60;-61;-62;63;64;-65;-66;67;-68;-69;-70;-71;-72;-73;74;75;-76;-77;-78;-79;
1;2;-3;-4;-5;-6;7;8;-9;-10;-11;12;-13;-14;-15;-16;-17;-18;-19;-20;-21;22;-23;-24;-25;-26;-27;28;-29;-30;-31;-32;-33;-34;-35;-36;-37;-38;-39;-40;-41;-42;-43;-44;-45;-46;-47;-48;-49;-50;51;-52;53;54;-55;-56;-57;-58;59;-60;61;-62;63;-64;-65;-66;-67;68;-69;-70;-71;-72;-73;74;75;-76;77;78;-79;
1;2;-3;-4;-5;-6;7;-8;9;10;-11;12;-13;-14;-15;-16;-17;-18;-19;-20;-21;-22;-23;-24;-25;-26;-27;-28;-29;-30;-31;-32;-33;-34;-35;-36;-37;-38;-39;-40;-41;-42;-43;44;-45;-46;-47;48;-49;-50;51;-52;53;54;-55;-56;-57;-58;59;-60;-61;62;63;-64;-65;-66;-67;-68;69;-70;-71;72;-73;74;-75;76;77;-78;79;
1;2;-3;-4;-5;-6;7;8;-9;-10;-11;12;-13;-14;-15;-16;-17;-18;-19;-20;-21;-22;-23;-24;-25;-26;-27;-28;-29;-30;-31;-32;-33;34;-35;-36;-37;-38;-39;-40;41;-42;-43;-44;-45;-46;-47;-48;-49;-50;51;-52;53;54;-55;-56;-57;-58;59;-60;61;-62;63;64;-65;66;-67;-68;-69;-70;-71;-72;-73;74;-75;76;77;-78;79;
1;2;-3;-4;-5;-6;7;-8;9;-10;11;12;13;-14;-15;-16;-17;-18;19;-20;-21;-22;-23;-24;-25;-26;-27;-28;-29;-30;-31;-32;-33;-34;-35;-36;-37;-38;-39;-40;-41;-42;-43;-44;-45;-46;-47;-48;-49;-50;51;-52;53;54;55;-56;57;-58;-59;-60;-61;-62;63;-64;-65;-66;-67;68;-69;-70;-71;-72;-73;74;-75;76;-77;-78;-79;
1;2;-3;-4;-5;-6;7;8;-9;-10;-11;12;-13;-14;-15;-16;-17;-18;-19;-20;-21;22;-23;-24;-25;-26;-27;28;-29;-30;-31;-32;-33;-34;-35;-36;-37;-38;-39;-40;-41;-42;-43;-44;-45;-46;-47;-48;-49;-50;51;-52;53;54;-55;-56;-57;-58;59;-60;61;-62;63;-64;-65;-66;-67;-68;-69;-70;-71;-72;73;74;-75;76;77;-78;79;
1;2;-3;-4;-5;-6;7;-8;9;-10;11;12;-13;-14;-15;-16;-17;-18;-19;-20;-21;-22;-23;-24;-25;-26;-27;-28;-29;-30;-31;-32;-33;34;-35;-36;37;-38;-39;-40;-41;-42;-43;-44;-45;-46;-47;-48;-49;-50;51;-52;53;54;-55;-56;-57;-58;59;60;-61;-62;63;64;65;-66;-67;-68;-69;-70;-71;-72;-73;74;75;-76;-77;-78;-79;
1;2;-3;-4;-5;-6;7;8;-9;-10;-11;12;-13;-14;-15;-16;-17;-18;-19;-20;-21;-22;-23;-24;-25;-26;-27;-28;-29;-30;-31;-32;-33;34;-35;-36;-37;-38;39;-40;-41;-42;-43;-44;-45;-46;-47;-48;-49;-50;51;-52;53;54;-55;-56;-57;-58;59;60;-61;-62;63;-64;-65;-66;-67;-68;69;-70;-71;72;-73;74;-75;76;-77;-78;-79;
1;2;-3;-4;-5;-6;7;-8;9;-10;11;12;13;14;-15;-16;-17;-18;-19;-20;-21;-22;-23;-24;-25;-26;-27;-28;-29;-30;-31;-32;-33;-34;-35;-36;-37;-38;-39;-40;-41;-42;-43;-44;-45;-46;-47;-48;-49;-50;51;-52;53;54;-55;-56;-57;-58;59;-60;61;-62;63;-64;-65;-66;-67;-68;69;-70;71;-72;-73;74;-75;76;77;-78;79;
1;2;-3;-4;-5;-6;7;8;-9;-10;-11;12;13;-14;-15;-16;-17;-18;-19;20;-21;-22;-23;-24;-25;-26;-27;-28;-29;-30;-31;-32;-33;-34;-35;-36;-37;-38;-39;-40;-41;-42;-43;-44;-45;-46;-47;-48;-49;-50;51;-52;53;54;-55;-56;-57;-58;59;60;-61;-62;63;-64;-65;-66;-67;68;-69;-70;-71;-72;-73;74;-75;76;77;78;-79;
1;2;-3;-4;-5;-6;7;-8;9;10;-11;12;13;-14;-15;16;-17;-18;-19;-20;-21;-22;-23;-24;-25;-26;-27;-28;-29;-30;-31;-32;-33;-34;-35;-36;-37;-38;-39;-40;-41;-42;-43;-44;-45;-46;-47;-48;-49;-50;51;-52;53;54;-55;-56;-57;-58;59;-60;61;-62;63;-64;-65;-66;-67;68;-69;-70;-71;-72;-73;74;-75;76;-77;-78;-79;
